0.35
0.31
0.34
0.37
0.41
0.40
0.38
0.33
0.32
0.34
0.28
0.25
0.25
0.22
0.22
0.23
0.19
0.20
0.22
0.20
0.21
0.22
0.19
0.15
0.15
0.16
0.15
0.15
0.13
0.16
0.19
0.19
0.15
0.16
0.12
0.16
0.21
0.25
0.24
0.24
0.26
0.31
0.28
0.34
0.33
0.29
0.37
0.37
0.31
0.32
0.41
0.39
0.41
0.50
0.58
0.57
0.72
0.87
0.92
0.93
1.02
1.21
1.11
0.75
0.94
0.91
1.09
0.46
0.35
0.29
0.27
0.39
0.33
0.39
0.46
0.36
0.42
0.34
0.33
0.28
0.31
0.38
0.39
0.44
0.39
0.42
0.43
0.42
0.32
0.27
0.26
0.26
0.29
0.28
0.26
0.26
0.27
0.25
0.25
0.32
0.34
0.38
0.40
0.37
0.41
0.37
0.38
0.40
0.43
0.48
0.46
0.50
0.58
0.58
0.62
0.69
0.94
1.20
1.15
1.37
1.60
1.49
1.29
1.42
1.31
1.52
1.67
1.91
2.06
2.42
2.57
2.70
2.45
2.24
2.51
2.13
2.05
2.43
2.42
2.75
2.90
3.27
3.03
3.06
3.02
3.32
3.56
4.33
4.36
4.71
4.95
5.48
6.78
6.51
7.07
4.83
4.47
5.13
6.21
6.74
5.98
5.68
6.05
4.06
3.84
3.31
3.05
3.22
3.19
3.75
4.49
4.85
5.09
5.84
6.01
6.62
6.73
7.14
7.53
6.86
7.31
8.39
9.32
9.17
8.98
9.19
8.68
10.13
10.75
11.11
11.52
12.12
12.61
12.45
12.50
12.42
11.99
13.95
13.74
13.62
14.46
13.65
14.46
16.30
19.37
21.41
20.86
20.63
20.86
21.81
23.76
23.83
21.26
20.90
19.01
16.27
15.76
15.81
15.81
16.06
14.16
16.16
17.40
17.03
18.67
19.86
20.04
17.88
18.79
19.17
21.07
22.61
23.23
23.90
25.63
25.19
27.00
29.73
27.59
29.29