21.50
23.75
23.00
22.50
21.75
23.50
20.00
18.00
17.00
16.50
19.00
20.25
23.00
24.50
22.75
24.25
21.50
21.75
22.50
20.00
19.00
18.00
20.25
20.25
19.00
18.00
19.00
19.00
18.25
18.25
17.75
17.75
16.25
16.50
18.25
19.00
18.25
19.25
19.00
22.00
24.00
28.00
29.50
34.25
37.00
39.25
36.50
35.00
32.75
28.00
27.25
26.50
27.50
28.13
28.50
28.75
26.75
24.75
26.50
27.25
28.00
29.25
32.00
32.13
31.00
34.75
33.25
35.25
34.00
34.00
35.00
34.25
31.50
33.75
33.25
34.75
35.25
34.25
37.63
38.00
40.00
45.75
48.75
45.25
43.00
43.50
38.75
45.00
48.50
48.75
52.25
57.50
59.50
61.63
69.00
56.00
59.75
57.75
61.13
62.31
66.13
60.00
61.75
60.00
60.25
58.06
57.50
56.75
56.00
55.25
55.00
54.38
56.00
58.69
57.63
56.09
52.63
51.25
47.38
50.75
50.47
52.94
51.00
48.75
45.50
44.00
40.06
41.94
36.00
34.13
37.88
40.81
39.00
40.44
39.71
40.31
39.35
37.01
40.35
37.75
38.25
37.10
37.86
42.00
44.25
49.00
49.16
49.44
43.00
47.70
48.36
46.90
53.28
57.23
64.51
68.19
59.41
49.90
50.74
50.18
54.60
55.65
50.90
50.07
50.50
53.56
52.86
50.76
52.00
51.05
52.92
55.57
57.77
56.69
56.33
54.02
52.86
52.42
57.05
53.58
53.62
52.31
47.72
48.50
50.54
52.61
48.90
48.94
45.61
46.00
43.00
44.95
45.23
46.00
48.20
48.85
50.77
61.33
58.60
61.98
62.98
63.13
68.43
62.74
58.53
56.63
55.22
55.36
50.30
52.11
58.67
60.30
59.00
56.74
58.88
60.06
54.69
61.62
57.22
51.72
36.98
33.63
40.58
43.66
44.18
42.56
45.96
44.95
43.75
52.05
52.12
48.78
55.13
56.52
54.06
48.43
44.91
47.34
54.02
50.47