26.468750
26.453125
26.296875
26.375000
26.593750
27.328125
27.671875
28.015625
27.765625
27.187500
27.500000
27.203125
27.968750
27.437500
27.937500
28.406250
29.796875
30.421875
31.062500
32.015625
30.500000
32.375000
31.687500
30.531250
31.843750
33.390625
32.796875
33.406250
32.890625
33.500000
31.984375
32.968750
33.437500
33.593750
34.453125
35.109375
34.609375
35.890625
35.437500
35.593750
35.125000
34.750000
34.671875
35.250000
36.625000
37.812500
37.625000
37.468750
36.875000
35.546875
35.953125
35.437500
37.437500
38.906250
40.656250
39.578125
39.062500
40.468750
42.890625
42.156250
43.500000
43.750000
43.234375
41.906250
41.703125
39.765625
40.000000
41.312500
40.015625
40.156250
40.687500
39.437500
39.062500
37.500000
36.437500
36.937500
37.203125
38.859375
38.218750
38.375000
37.531250
37.937500
37.140625
37.406250
38.062500
38.734375
39.750000
40.453125
40.343750
40.359375
40.046875
41.468750
42.265625
41.781250
43.109375
42.796875
43.203125
41.640625
42.812500
44.984375
44.531250
46.187500
46.500000
44.812500
46.343750
47.468750
47.031250
46.656250
47.281250
47.125000
46.500000
45.062500
42.937500
44.437500
43.312500
40.500000
41.562500
41.000000
42.468750
43.000000
44.000000
42.000000
41.062500
41.031250
40.656250
39.937500
39.031250
39.562500
38.968750
39.531250
39.843750
39.937500
40.250000
39.562500
38.437500
39.562500
39.343750
39.656250
39.218750
38.781250
38.625000
38.125000
39.250000
39.187500
40.343750
39.250000
39.218750
38.187500
39.781250
40.125000
39.687500
41.156250
39.937500
39.062500
38.781250
38.843750
40.500000
41.437500
42.500000
44.468750
43.250000
43.000000
42.312500
42.468750
43.375000
44.000000
45.093750
45.593750
46.000000
44.781250
46.156250
46.281250
46.625000
47.093750
46.812500
47.468750
47.187500
49.718750
49.187500
46.656250
47.343750
45.531250
45.125000
43.812500
44.406250
45.000000
43.468750
42.906250
42.406250
42.375000
42.468750
42.875000
42.562500
41.906250
41.468750
42.093750
40.875000
42.343750
42.156250
42.281250
42.500000
41.906250
41.687500
43.218750
46.093750
47.656250
47.312500
46.625000
46.125000
46.281250
46.187500
45.906250
47.937500
47.125000
46.125000
47.031250
47.500000
46.937500
47.531250
46.312500
47.000000
48.218750
48.781250
47.312500
48.031250
45.593750
45.468750
45.718750
46.062500
44.750000
45.281250
44.992188
46.281250
45.906250
46.843750
46.875000
47.468750
47.156250
46.281250
45.531250