49.02
50.11
51.59
53.64
54.41
56.16
56.41
58.48
58.31
60.91
61.48
63.67
63.88
64.69
65.39
66.88
67.11
64.09
65.33
68.63
70.84
76.02
73.84
78.41
79.16
75.38
80.09
85.16
88.31
95.31
90.38
94.38
92.06
95.63
97.06
98.31
105.13
109.94
111.34
109.03
113.31
111.78
96.00
101.75
110.00
116.13
123.31
127.66
123.56
128.38
133.25
130.20
137.00
132.75
132.06
128.75
137.00
139.28
146.88
139.56
137.44
150.38
145.09
142.81
145.28
143.00
152.34
143.63
142.95
132.28
131.19
137.02
123.95
116.69
126.66
125.95
122.60
121.35
114.15
104.44
105.80
114.05
114.30
113.18
111.15
114.52
107.86
107.22
98.96
91.16
91.78
81.79
88.52
93.98
88.23
86.06
84.90
84.74
91.91
96.95
97.63
99.39
101.44
99.95
105.30
106.45
111.28
113.48
115.02
113.10
110.96
112.86
114.53
110.84
111.11
111.76
113.20
117.89
120.87
118.16
120.63
117.96
115.75
119.48
119.18
123.74
122.58
123.04
120.13
125.41
124.51
127.50
128.23
129.83
131.47
127.51
127.28
127.85
130.64
133.58
137.79
140.53
141.62
143.75
140.93
142.00
148.29
153.32
150.43
145.72
147.59
152.58
154.65
148.66
146.21
137.37
133.82
131.97
138.26
140.35
127.98
126.83
128.79
115.99
96.83
90.09
90.24
82.83
73.93
79.52
87.42
92.53
91.95
98.81
102.46
105.59
103.56
109.94
111.44
107.39
110.74
117.00
118.81
109.37
103.22
110.27
105.31
114.13
118.49
118.49
125.75
128.68
133.15
132.59
136.43
134.90
131.97
129.33
122.22
113.15
125.50
124.99
125.50
131.32
137.02
140.81
139.87
131.47
136.10
137.71
141.16
143.97
141.35
142.15
142.41
149.70
151.61
156.67
159.68
163.45
160.42
168.71
163.65
168.01
175.79
181.00
184.69
178.18
186.29
187.01
188.31
192.68
195.72
193.09
200.71
197.02
201.66
207.20
205.54
199.45