26.81
24.50
21.19
22.50
24.00
23.19
22.75
19.63
19.06
26.13
30.56
35.88
49.25
49.38
46.56
37.13
41.69
42.88
36.38
37.69
40.94
30.13
37.88
36.20
28.94
18.50
26.80
24.74
20.67
16.95
14.47
13.89
11.02
8.80
9.47
5.16
4.84
5.50
4.99
3.80
3.45
2.24
2.46
1.59
1.41
3.89
3.53
5.08
4.69
5.52
6.64
8.96
8.85
9.10
11.38
10.15
11.60
11.38
10.82
10.99
11.05
11.35
12.45
13.83
15.20
14.46
14.89
15.35
17.19
18.13
18.40
18.12
18.33
18.23
17.23
18.04
21.02
22.98
23.84
24.95
23.85
27.29
27.10
30.94
31.83
30.32
34.14
30.97
31.12
33.80
35.86
36.50
36.02
37.87
37.28
39.83
38.72
38.95
38.00
43.18
42.00
41.66
39.62
43.54
44.18
45.54
42.60
37.43
38.44
39.21
43.42
45.72
42.25
41.90
41.33
35.97
32.31
27.24
29.32
30.34
29.12
30.43
31.76
31.87
31.53
34.09
31.65
36.40
36.82
40.92
43.21
42.45
42.66
42.61
40.81
40.53
44.50
46.24
46.86
51.26
51.61
50.57
51.64
50.86
53.96
51.82
52.31
55.48
52.33
52.53
53.86
53.80
55.10
59.00
60.01
63.51
62.58
63.02
65.58
64.88
69.91
72.31
70.40
71.39
75.29
74.93
77.27
76.15
77.60
76.92
83.99
77.84
73.17
70.79
69.49
74.13
79.35
77.77
79.82
80.88
81.47
81.87
83.52
89.63
89.98
94.39
98.60
93.63
97.50
105.01
98.85
96.95
99.14
94.15
94.53
92.79
93.29
95.11
92.19
87.98
102.23
99.38
96.95
94.34
92.20
102.37
104.88
105.78
113.61
115.77
113.38
113.33
117.19
102.27
105.68
103.50
114.79
121.54
125.94
131.19
132.32
136.33
148.05
136.68
143.67
143.93
142.67
147.70
139.33
145.34
136.36
138.37
144.17
148.24
149.12
145.30
155.81
164.49
158.19
172.84