23.06
26.88
27.50
29.44
31.31
33.50
32.00
34.13
32.75
36.44
39.19
38.75
40.56
43.31
41.06
42.63
43.56
44.25
45.25
47.25
47.69
49.69
53.25
53.56
50.88
49.31
49.31
52.69
53.06
58.69
54.50
54.44
48.00
53.13
48.94
47.63
54.25
52.13
50.06
47.75
44.56
38.81
30.94
34.31
37.56
40.63
32.63
34.69
35.63
34.00
40.63
42.06
44.00
45.38
45.31
42.63
46.06
40.63
41.44
44.50
36.94
37.81
39.69
39.06
41.81
48.81
53.64
64.50
67.81
69.06
66.00
58.50
62.20
55.71
61.80
62.89
55.60
58.53
51.20
33.50
32.60
35.10
38.78
40.95
45.96
48.25
44.60
42.65
45.00
41.52
37.07
34.13
29.75
34.05
32.99
31.59
27.56
25.06
27.28
30.67
34.32
33.12
37.39
34.33
38.49
38.39
42.14
41.75
43.37
41.07
42.69
45.80
51.09
50.75
52.22
51.62
49.90
53.57
51.77
50.60
54.97
58.46
59.52
63.90
66.00
66.01
67.02
67.95
64.64
68.19
70.24
68.31
72.69
77.93
83.45
83.25
81.91
77.42
74.90
78.85
79.86
88.53
88.84
89.56
87.26
88.91
93.00
100.59
96.16
103.43
96.70
104.99
98.59
92.54
87.46
83.18
82.79
74.37
84.86
82.77
65.72
61.11
65.56
57.35
52.42
42.63
42.67
42.31
31.44
35.58
40.05
44.85
42.50
42.91
49.67
54.15
47.80
52.41
54.13
60.60
63.16
72.61
72.43
64.18
62.75
68.14
61.13
66.54
70.64
63.77
65.26
69.48
72.01
73.93
79.78
78.03
73.93
70.47
66.86
60.51
65.79
68.69
73.35
74.18
74.95
74.37
76.80
69.61
74.30
73.91
71.40
69.60
70.44
74.28
75.36
73.87
76.90
85.85
91.41
99.02
102.44
105.10
103.92
117.50
130.50
134.25
136.49
125.26
128.92
125.49
129.02
135.25
127.23
120.48
126.80
127.38
124.91
134.36
129.98
145.37