34.21
33.34
34.43
36.39
36.17
36.17
35.41
37.81
39.01
39.12
41.29
43.36
42.60
44.02
40.97
42.06
44.67
41.73
40.75
40.64
42.60
40.42
40.31
40.86
38.57
38.46
38.24
39.33
41.78
44.18
42.22
43.09
42.28
45.33
48.27
47.23
48.43
51.92
50.45
50.23
51.65
49.79
54.37
57.69
56.38
54.53
55.84
53.88
49.58
47.78
48.81
52.57
47.45
46.14
50.12
48.05
49.30
44.18
43.69
50.34
42.28
45.76
50.12
50.77
49.14
53.77
65.22
74.76
75.34
78.39
74.31
63.75
71.04
74.51
81.52
79.70
68.01
67.31
68.53
65.98
66.96
63.02
68.44
60.79
61.54
65.90
66.82
55.80
54.22
44.44
46.77
34.08
35.72
34.41
34.06
29.69
23.55
25.35
30.66
33.79
34.78
30.59
29.78
31.05
31.64
31.45
35.65
37.88
38.28
39.40
36.71
34.76
35.37
37.48
38.60
39.90
42.76
44.07
44.16
46.70
47.05
48.83
50.89
47.91
51.83
51.50
50.54
50.85
46.16
46.83
47.85
49.42
49.51
50.82
50.76
49.20
51.20
52.86
52.30
52.65
55.16
55.30
57.89
59.07
59.04
60.87
61.56
58.62
54.90
51.09
55.02
56.07
57.51
59.37
60.51
55.95
52.62
53.55
54.93
55.44
52.14
52.74
52.32
52.29
49.14
46.68
45.03
45.45
40.41
42.96
41.43
42.45
43.77
46.44
46.47
47.22
47.46
50.04
51.63
49.59
49.05
48.96
50.34
47.88
48.00
51.30
51.54
53.13
54.63
52.65
53.43
53.64
53.97
54.45
55.95
56.25
56.49
55.80
56.73
59.97
61.26
62.55
66.00
63.93
62.76
63.03
64.29
65.94
69.18
67.78
64.78
64.79
65.69
63.82
63.80
68.74
69.25
72.59
75.20
66.93
67.50
71.00
65.60
66.78
71.73
69.96
69.01
70.62
70.88
71.22
74.49
71.08
74.19
72.13
73.99
74.77
82.15
80.90
83.54
87.14