8.77
8.65
8.97
9.29
9.03
9.46
9.44
10.22
10.14
10.76
11.54
12.30
12.10
12.48
12.38
13.26
13.90
13.18
13.32
14.58
15.50
16.67
15.85
16.59
16.49
15.91
17.79
19.35
20.83
22.48
20.05
21.81
20.71
23.68
23.52
24.84
24.92
27.62
27.30
26.72
29.13
28.67
25.64
25.50
28.04
28.97
32.69
33.61
32.15
35.46
33.77
32.59
36.22
34.94
36.00
38.00
43.43
41.71
49.60
42.95
42.43
49.88
50.40
50.60
50.96
49.70
56.37
55.59
52.70
47.66
46.09
44.21
44.71
40.25
46.66
47.12
47.12
41.83
39.33
35.77
35.01
37.02
38.54
35.72
37.02
35.96
30.34
29.94
27.93
30.96
28.99
23.70
24.28
26.08
23.41
22.25
23.13
24.52
28.32
27.60
27.58
27.35
28.43
28.66
27.89
27.57
29.79
32.34
31.27
29.35
28.80
29.92
31.15
31.97
31.53
32.29
32.81
34.00
35.10
34.74
33.85
34.67
34.81
35.08
33.32
33.17
32.32
32.38
32.61
34.35
33.70
31.49
31.61
33.44
33.26
32.94
31.69
31.43
32.75
33.94
33.76
33.92
35.78
34.66
33.57
34.00
35.44
36.13
36.81
37.27
37.38
39.81
39.58
36.82
35.64
34.00
31.87
35.59
31.44
29.54
25.66
27.20
27.02
24.52
18.76
16.51
15.58
11.66
8.18
9.72
12.16
12.96
11.27
12.88
13.37
15.79
13.71
15.40
14.55
15.46
15.44
17.50
18.13
15.72
13.87
15.50
13.92
15.63
15.40
15.22
17.59
19.37
20.12
19.28
19.66
18.88
18.13
17.22
15.68
14.63
16.07
15.30
17.22
17.99
18.32
19.30
18.83
18.36
20.04
19.95
19.91
21.84
20.25
20.32
20.18
21.42
22.33
22.23
21.43
22.42
22.30
23.43
22.25
22.97
25.13
25.63
26.95
24.16
24.49
24.89
25.86
25.76
25.27
24.18
24.98
24.63
24.82
25.47
24.30
22.97