14.19
14.88
16.25
16.53
16.88
17.94
17.25
18.53
20.38
21.66
21.38
24.00
23.38
23.06
23.13
24.34
24.75
23.88
24.63
25.63
24.63
26.63
24.88
28.88
28.75
26.44
30.56
30.00
32.19
31.06
28.34
28.84
28.69
31.47
32.94
33.47
37.69
36.72
35.75
34.53
37.00
38.63
34.50
39.13
40.75
40.63
41.94
42.56
42.69
46.75
48.75
46.31
49.00
45.53
51.13
45.94
52.38
51.88
46.63
43.03
36.00
35.13
41.25
44.75
50.94
46.53
45.98
46.97
46.06
50.00
52.53
46.56
48.67
43.74
48.24
48.47
49.96
54.10
52.71
55.40
57.91
58.25
59.10
57.51
60.90
64.95
63.86
61.35
52.26
52.60
54.31
54.08
58.75
57.02
53.71
53.61
52.45
57.87
56.36
54.35
51.70
51.79
49.58
49.52
50.33
49.30
51.66
53.42
53.91
50.72
54.03
55.71
55.70
55.27
58.10
56.33
58.38
60.32
63.42
64.70
65.60
67.16
68.63
67.10
65.00
63.96
63.39
63.28
62.62
61.75
60.10
57.54
57.65
59.22
58.61
60.22
59.92
62.55
64.66
64.94
67.40
65.91
66.02
66.80
62.93
60.26
64.22
63.27
61.62
60.50
61.79
65.70
65.17
67.74
66.70
63.14
61.96
64.87
67.09
66.74
64.34
68.47
70.43
69.28
61.34
58.58
59.83
57.69
50.00
52.60
52.36
55.16
56.80
60.89
60.44
60.89
59.05
62.84
64.41
62.86
63.00
65.20
64.30
58.30
59.06
58.09
57.02
61.96
63.74
61.55
61.85
59.77
61.44
59.25
65.72
67.29
66.52
64.79
65.80
63.69
64.39
64.72
65.58
65.91
65.08
65.96
65.10
62.43
67.56
69.22
67.43
68.91
70.82
69.73
70.10
73.92
76.11
81.53
85.23
84.18
85.86
93.50
86.41
86.69
92.61
94.66
91.59
88.47
92.12
98.23
101.29
101.46
104.62
100.09
103.73
106.59
107.78
108.25
104.57
100.14