23.81
26.44
28.88
29.75
31.56
31.44
30.44
33.56
34.00
36.69
39.50
37.69
38.13
37.94
40.31
41.94
42.00
41.53
42.06
45.06
44.81
45.31
45.75
46.00
44.25
42.00
44.75
46.81
51.78
53.19
51.84
53.31
47.53
48.81
49.25
52.03
58.34
56.25
55.69
56.13
52.94
49.84
43.78
50.41
55.69
51.88
42.38
35.25
37.69
37.75
43.06
40.44
37.25
34.81
37.00
32.69
20.00
19.88
21.88
18.50
17.44
20.44
24.88
24.69
24.81
28.13
28.38
32.93
35.85
34.10
33.95
34.68
37.46
35.65
35.16
38.29
37.05
39.62
39.86
43.75
48.77
46.45
46.67
52.97
56.41
57.58
62.90
62.05
69.50
64.11
63.32
64.67
57.90
52.20
57.75
51.05
45.72
47.55
50.05
46.42
47.57
52.34
51.23
46.15
46.36
45.94
51.40
48.62
46.28
45.64
47.70
49.54
52.08
52.99
53.78
55.78
55.09
60.84
55.55
57.81
59.22
61.06
60.95
64.89
64.87
62.40
62.24
61.04
60.56
60.60
63.63
67.65
72.87
75.13
75.90
72.49
71.74
79.68
82.60
86.06
86.93
90.45
92.07
97.19
97.26
97.02
96.14
98.10
94.13
98.48
99.14
108.49
110.04
110.67
105.26
107.92
103.20
99.30
106.04
109.44
98.66
104.33
116.44
109.67
85.05
77.11
84.08
82.04
63.11
69.03
78.53
83.63
80.65
74.76
74.98
78.08
68.79
77.23
75.35
74.52
77.76
83.22
84.89
79.92
74.50
75.15
69.52
71.28
71.29
68.04
69.91
79.60
79.16
80.40
79.25
77.90
80.97
75.73
74.19
72.64
75.90
78.15
80.90
82.32
88.41
89.86
90.54
82.80
87.08
89.27
91.14
93.38
93.67
93.30
92.29
86.87
88.00
96.52
99.09
105.83
108.46
120.12
122.42
127.55
133.34
141.67
148.66
150.91
162.30
163.24
164.14
163.65
160.73
166.97
174.00
182.78
190.57
191.56
192.57
188.37