17.90
19.60
19.00
20.00
21.00
22.60
23.20
23.50
23.00
22.40
24.60
25.90
26.60
27.13
26.00
27.25
28.63
24.75
26.38
26.00
28.88
30.88
27.75
28.13
24.75
24.00
27.88
29.88
33.88
34.75
33.44
33.13
38.88
40.06
37.25
40.50
42.31
39.56
38.31
37.88
42.31
38.44
32.38
28.00
36.00
34.63
23.50
22.69
26.38
24.94
25.88
26.44
26.13
23.63
21.38
19.00
13.44
14.31
13.13
10.44
9.63
10.50
12.31
13.56
13.19
11.06
9.89
11.50
12.94
12.63
14.44
14.86
16.96
17.74
16.15
17.80
18.92
17.90
17.99
15.66
18.93
18.41
17.20
19.00
18.95
20.84
20.64
21.24
21.08
18.81
19.43
18.01
18.36
20.62
19.15
20.00
21.32
22.50
21.74
21.51
18.92
19.43
19.32
18.96
19.36
20.24
19.27
18.91
19.00
18.44
16.96
17.48
18.25
17.52
16.09
18.13
17.51
18.95
19.49
19.45
20.92
21.35
18.05
18.18
18.30
18.65
18.03
16.68
14.75
16.65
15.82
16.50
16.85
18.13
16.18
16.81
16.51
18.04
18.84
19.70
22.63
21.95
22.66
24.36
26.01
27.57
28.30
28.01
25.29
22.91
21.63
23.46
20.89
19.98
19.04
21.01
19.32
19.90
18.75
20.14
17.12
20.05
19.33
18.04
15.01
13.67
16.00
14.19
11.84
11.53
14.96
15.61
16.05
17.58
17.99
18.46
18.93
19.46
19.98
19.72
21.99
22.74
23.02
21.66
21.16
21.16
20.99
23.46
23.33
25.84
25.43
23.68
25.06
24.93
26.72
26.40
27.49
26.66
26.87
25.89
28.24
28.81
27.76
31.00
32.44
33.66
33.60
31.13
32.44
35.17
35.14
35.47
36.78
37.51
36.62
37.63
40.75
43.77
45.66
44.75
45.31
42.03
40.50
41.88
44.38
46.27
47.58
37.84
37.31
40.11
39.22
38.83
38.97
35.42
34.49
30.65
31.07
31.55
30.95
26.90