4.85
5.22
5.59
5.93
5.89
6.00
6.15
5.89
5.29
5.48
5.82
5.59
5.52
5.74
6.56
6.52
6.00
6.11
6.23
6.45
6.52
6.82
7.12
7.94
7.94
8.31
8.24
8.91
8.61
9.60
9.71
11.09
10.66
10.22
10.07
10.01
10.31
11.22
10.68
10.44
10.23
10.18
7.75
10.57
9.75
8.46
8.98
6.79
6.17
8.20
9.32
8.93
9.71
9.06
9.28
8.72
8.69
7.88
7.36
7.66
6.45
7.77
6.93
8.11
7.47
7.29
8.18
8.46
8.11
7.87
8.28
8.16
8.24
8.04
9.53
9.65
8.80
8.85
9.40
7.98
8.23
8.17
8.95
8.37
8.20
8.59
8.67
8.18
8.09
7.23
7.38
6.76
6.23
5.97
6.35
6.23
6.89
7.15
6.79
7.67
7.86
7.68
8.32
8.50
8.82
8.83
9.87
9.69
10.48
10.04
10.01
9.94
11.29
11.24
10.82
12.31
11.37
11.76
11.22
11.55
14.12
13.99
13.89
14.46
15.92
17.41
19.18
20.56
17.94
17.68
18.18
22.93
21.06
22.72
23.67
22.38
24.84
27.03
24.90
22.94
25.77
28.15
27.59
26.94
27.06
29.48
30.29
36.93
35.77
32.93
32.15
34.01
35.27
33.34
36.30
28.08
31.71
27.20
27.18
30.65
30.94
29.51
26.88
23.78
17.36
15.62
16.32
16.24
13.88
15.68
17.72
19.02
17.97
19.24
18.41
19.03
19.07
19.46
18.62
17.78
17.27
18.87
19.18
18.55
18.55
19.95
18.19
19.74
21.22
19.96
22.09
27.26
29.59
31.80
32.23
32.31
31.42
30.97
26.92
21.58
26.03
27.96
29.27
31.39
33.89
31.70
29.34
24.91
25.57
26.47
27.82
29.57
30.06
30.85
30.66
33.61
33.50
33.72
32.67
34.39
34.58
36.36
34.43
34.88
35.26
36.04
35.30
32.79
33.50
35.52
36.15
36.66
39.92
38.75
41.69
37.59
35.40
28.92
28.29
26.60