26.47
26.45
26.30
26.38
26.59
27.33
27.67
28.02
27.77
27.19
27.50
27.20
27.97
27.44
27.94
28.41
29.80
30.42
31.06
32.02
30.50
32.38
31.69
30.53
31.84
33.39
32.80
33.41
32.89
33.50
31.98
32.97
33.44
33.59
34.45
35.11
34.61
35.89
35.44
35.59
35.13
34.75
34.67
35.25
36.63
37.81
37.63
37.47
36.88
35.55
35.95
35.44
37.44
38.91
40.66
39.58
39.06
40.47
42.89
42.16
43.50
43.75
43.23
41.91
41.70
39.77
40.00
41.31
40.02
40.16
40.69
39.44
39.06
37.50
36.44
36.94
37.20
38.86
38.22
38.38
37.53
37.94
37.14
37.41
38.06
38.73
39.75
40.45
40.34
40.36
40.05
41.47
42.27
41.78
43.11
42.80
43.20
41.64
42.81
44.98
44.53
46.19
46.50
44.81
46.34
47.47
47.03
46.66
47.28
47.13
46.50
45.06
42.94
44.44
43.31
40.50
41.56
41.00
42.47
43.00
44.00
42.00
41.06
41.03
40.66
39.94
39.03
39.56
38.97
39.53
39.84
39.94
40.25
39.56
38.44
39.56
39.34
39.66
39.22
38.78
38.63
38.13
39.25
39.19
40.34
39.25
39.22
38.19
39.78
40.13
39.69
41.16
39.94
39.06
38.78
38.84
40.50
41.44
42.50
44.47
43.25
43.00
42.31
42.47
43.38
44.00
45.09
45.59
46.00
44.78
46.16
46.28
46.63
47.09
46.81
47.47
47.19
49.72
49.19
46.66
47.34
45.53
45.13
43.81
44.41
45.00
43.47
42.91
42.41
42.38
42.47
42.88
42.56
41.91
41.47
42.09
40.88
42.34
42.16
42.28
42.50
41.91
41.69
43.22
46.09
47.66
47.31
46.63
46.13
46.28
46.19
45.91
47.94
47.13
46.13
47.03
47.50
46.94
47.53
46.31
47.00
48.22
48.78
47.31
48.03
45.59
45.47
45.72
46.06
44.75
45.28
44.99
46.28
45.91
46.84
46.88
47.47
47.16
46.28
45.53