15.97
16.66
17.38
17.84
17.66
18.13
17.19
18.06
19.09
19.34
20.28
20.06
19.88
20.38
21.25
21.19
21.72
20.56
20.38
20.81
22.16
23.59
24.50
25.91
25.06
26.94
28.31
29.63
30.63
32.13
30.59
32.03
30.72
30.50
30.59
29.66
31.88
33.81
36.53
35.25
35.69
35.13
32.72
35.31
35.81
37.50
36.56
35.13
33.28
35.28
41.53
39.94
38.56
39.69
39.44
38.00
37.03
39.66
40.28
41.44
37.66
39.00
38.84
41.66
39.25
40.09
40.82
44.55
44.59
44.00
43.47
42.08
40.53
40.50
44.30
44.38
43.67
41.76
40.15
39.40
39.45
37.40
39.30
39.05
41.30
43.83
40.17
39.93
40.92
36.76
35.45
31.90
33.66
34.80
34.94
34.15
34.02
34.95
35.20
36.40
35.91
35.58
37.70
36.60
36.58
36.20
41.00
40.79
42.17
41.59
42.55
43.25
44.41
46.30
46.10
48.33
49.22
51.25
51.26
51.60
63.31
59.60
57.03
56.20
57.47
58.75
59.90
63.54
56.14
58.03
56.17
62.75
59.37
60.86
63.08
60.91
61.35
67.74
67.67
67.10
71.42
76.81
76.63
74.10
71.68
75.45
79.38
83.17
83.88
85.13
85.73
92.56
91.99
89.16
93.69
85.70
87.01
84.58
93.07
88.76
88.13
80.43
80.01
77.66
74.12
80.15
79.83
76.48
67.90
68.10
66.67
69.35
69.91
70.39
69.15
68.61
71.67
75.07
68.19
64.43
65.00
66.98
67.77
60.46
57.07
59.68
59.11
61.79
66.49
69.56
73.12
80.68
85.53
84.13
87.98
83.47
81.38
79.79
74.02
72.63
78.09
80.44
84.76
83.74
86.50
86.73
86.34
78.63
85.57
86.85
87.30
91.45
91.17
88.14
86.55
89.97
89.55
90.11
88.99
90.47
90.35
93.75
87.16
86.04
89.62
93.48
101.20
92.16
96.27
97.68
102.41
100.53
100.68
98.94
99.46
94.05
96.71
90.54
92.45
87.42